2000
250
424
422
357
429
396
218
350
146
436
467
257
232
199
225
206
382
305
207
483
183
460
436
101
291
251
112
137
154
332
271
353
81
128
467
162
351
477
243
135
394
357
461
301
396
89
419
229
127
348
291
406
55
63
337
50
261
273
247
250
257
257
439
387
92
331
285
58
383
83
322
159
303
180
301
108
370
81
136
238
477
62
380
478
338
334
235
342
261
55
202
136
170
203
92
292
386
450
142
174
175
244
123
232
228
425
139
470
170
156
133
249
374
371
497
237
311
480
425
81
71
221
338
324
366
278
386
195
357
314
92
462
224
158
278
425
52
352
167
500
452
238
395
103
179
348
83
430
182
327
238
129
62
187
199
394
481
169
280
496
379
461
66
61
138
366
152
423
258
210
58
69
310
417
304
475
152
72
489
466
294
117
81
163
72
353
484
290
376
419
458
328
162
321
481
118
139
75
160
364
187
395
117
397
364
387
384
270
172
217
253
349
231
410
297
283
194
215
331
200
478
371
334
402
152
91
391
154
316
174
75
428
242
329
139
108
385
323
119
411
96
124
381
237
253
128
347
330
140
147
487
345
58
264
208
300
377
272
415
250
228
158
70
443
372
120
486
65
221
479
282
257
414
377
462
474
174
417
145
300
326
233
134
295
94
370
388
427
249
483
418
362
253
137
362
83
347
426
263
203
455
478
255
459
347
478
337
67
303
73
355
223
180
403
165
377
140
116
279
482
494
174
421
362
221
255
137
411
135
453
125
115
474
448
437
133
212
108
436
194
357
320
359
291
289
208
369
227
466
195
492
56
159
247
177
406
74
73
320
472
285
402
133
153
410
261
226
120
139
296
403
130
139
156
382
80
272
108
321
146
191
428
149
223
397
212
261
351
467
452
266
83
126
306
435
304
289
398
89
282
125
344
357
291
130
172
272
489
192
50
317
81
331
444
168
420
321
485
348
111
277
428
52
66
251
121
265
375
94
199
335
388
432
484
386
155
138
55
136
380
58
398
307
335
437
63
414
289
150
258
214
474
262
132
217
369
146
164
202
328
103
213
138
458
178
339
228
400
301
82
189
259
299
442
69
388
216
54
342
472
280
374
348
368
69
73
165
384
299
447
449
330
494
464
123
354
86
85
409
161
262
318
154
139
249
249
57
416
422
413
183
85
94
462
80
357
342
386
214
240
439
388
248
171
156
386
141
204
248
188
474
59
91
488
386
159
450
190
106
438
475
270
408
293
171
214
310
326
481
356
132
325
219
94
176
151
375
473
168
135
435
316
341
190
61
150
305
425
351
240
79
94
88
181
157
78
332
232
429
206
248
191
410
227
432
204
361
65
233
323
349
239
430
70
399
416
232
310
389
334
418
105
77
282
124
266
280
108
152
156
167
385
231
332
216
232
189
392
413
481
52
467
413
409
319
135
137
311
121
239
71
404
225
459
457
302
180
128
480
332
426
93
485
56
306
292
338
485
93
109
114
204
118
186
359
429
344
465
221
183
415
331
196
228
291
143
218
57
320
222
492
198
211
365
499
488
416
337
136
347
383
301
63
326
468
469
410
458
153
316
188
176
360
477
443
351
255
81
362
186
127
128
458
187
235
184
297
269
223
387
104
410
330
97
291
390
283
168
307
177
83
117
190
257
174
294
312
150
467
95
336
257
451
429
113
388
496
143
217
213
492
326
86
355
305
119
95
279
348
357
321
108
387
426
484
91
387
495
112
455
234
72
172
403
483
289
257
131
89
486
367
342
309
117
235
291
142
151
99
106
472
289
280
379
390
278
114
171
269
343
152
52
341
134
232
457
251
61
300
92
396
83
229
434
284
80
366
290
404
244
333
476
295
395
316
348
432
351
323
497
489
172
140
240
265
294
200
424
311
118
482
325
435
376
97
413
259
446
451
100
273
434
152
450
71
67
323
271
232
246
342
307
51
260
125
438
476
55
417
182
444
386
78
332
181
85
459
435
152
452
443
56
429
105
399
288
323
78
294
400
104
217
195
470
354
196
243
343
219
250
373
186
236
165
417
228
187
93
370
71
255
290
250
74
165
230
296
201
352
417
264
369
151
58
129
302
227
133
188
183
447
262
196
489
282
119
68
170
208
195
273
299
481
321
97
308
327
487
251
239
354
404
369
101
314
496
315
99
301
57
352
323
279
421
346
153
186
285
50
192
220
460
306
269
324
74
387
416
63
371
394
465
220
62
167
480
167
300
336
141
453
194
358
124
498
63
143
51
118
258
438
112
119
91
187
166
172
213
476
210
330
232
458
294
74
107
405
398
53
51
284
93
197
195
326
400
466
471
174
285
380
308
198
495
350
327
238
280
107
158
96
267
219
84
118
385
451
373
163
435
203
109
467
430
280
348
154
383
114
68
491
180
324
142
213
226
251
315
82
149
302
102
205
110
115
200
112
67
58
280
430
432
338
371
154
170
387
212
489
472
72
297
183
467
240
474
266
273
467
478
160
240
390
62
159
432
462
215
437
67
283
312
198
107
255
251
325
392
99
314
84
57
256
75
70
208
268
500
291
328
391
183
358
62
312
216
146
134
92
351
455
214
404
132
346
212
287
198
137
206
84
415
254
94
325
389
180
479
466
428
90
456
344
338
409
62
246
316
334
184
131
307
229
193
256
307
88
375
404
132
192
366
265
94
487
328
213
398
379
285
417
252
218
114
418
138
146
410
173
379
482
283
102
58
296
454
498
146
197
362
194
51
96
118
87
272
434
187
494
103
58
427
291
402
82
429
138
138
351
314
266
422
107
84
307
246
312
132
163
90
84
246
322
325
218
192
373
365
112
300
301
128
210
450
60
482
165
433
450
419
603
609
521
472
933
423
858
942
909
916
653
371
366
917
807
820
762
558
440
776
443
884
613
688
758
747
577
791
575
841
958
636
824
439
484
957
944
926
587
837
364
695
883
674
421
682
904
564
432
478
988
701
891
983
618
887
432
932
573
943
849
808
388
636
616
710
750
406
847
760
947
830
457
936
864
632
578
614
990
958
473
409
896
389
403
458
446
358
487
509
377
770
507
628
414
901
627
764
746
357
840
604
793
896
435
839
711
552
398
956
553
653
802
942
452
772
436
429
949
889
356
401
505
426
530
833
852
809
856
379
883
555
489
736
638
932
452
675
960
617
443
955
350
383
692
669
796
571
437
709
845
650
505
575
788
714
496
557
726
527
948
656
509
896
471
830
806
546
864
832
845
609
773
428
677
496
399
827
565
805
798
815
969
392
562
379
959
370
664
861
390
556
497
821
490
829
834
709
527
391
442
516
911
381
738
611
862
603
617
369
774
415
687
361
671
417
967
621
722
815
366
547
751
611
964
355
731
613
765
868
650
938
505
977
738
822
450
492
575
716
393
970
705
651
438
533
640
790
788
928
580
510
481
963
896
809
852
987
378
685
724
478
472
613
925
765
763
520
649
615
771
619
955
720
853
474
706
684
806
781
679
405
471
967
367
826
551
566
747
801
452
429
750
463
612
470
503
647
382
809
794
829
622
863
525
797
498
960
661
400
943
714
506
605
474
645
813
749
669
745
415
394
852
640
966
728
426
466
452
965
599
523
560
546
751
951
423
985
366
639
579
357
620
393
365
394
811
849
498
536
815
863
836
568
939
372
520
838
576
812
511
978
845
994
844
419
721
814
862
375
730
689
438
672
433
569
621
768
391
360
843
475
588
539
716
526
451
632
792
583
897
505
416
443
484
881
862
522
639
877
687
842
456
425
903
710
402
578
873
786
433
704
575
759
609
703
725
472
680
622
589
964
547
952
941
553
838
395
828
458
441
424
984
951
698
868
619
535
677
978
830
795
752
353
653
503
655
656
780
647
610
797
832
908
383
507
528
401
799
642
849
927
538
424
686
739
684
495
464
430
763
872
729
366
610
929
863
494
384
600
823
522
899
467
973
972
564
393
632
929
402
621
620
683
356
989
659
403
453
937
543
357
559
623
509
777
662
646
1000
759
795
442
877
893
828
536
850
841
527
710
371
434
926
838
505
632
489
742
609
840
661
797
861
350
869
388
810
786
556
495
487
425
619
548
731
523
748
803
659
586
667
440
480
722
867
920
380
642
660
676
387
528
604
576
613
406
824
879
984
937
748
935
720
422
362
701
493
842
934
378
865
653
511
553
590
766
354
695
748
822
981
441
906
386
461
440
945
982
378
557
492
870
502
951
953
983
791
579
624
692
457
876
580
436
660
750
887
788
359
986
864
425
916
821
975
370
944
955
435
883
701
518
681
560
968
551
952
840
665
485
655
643
948
515
455
444
839
656
869
620
884
357
448
811
818
416
453
672
867
773
607
844
726
797
847
488
936
470
358
793
567
779
730
534
755
743
812
602
594
521
550
751
678
767
921
560
694
999
757
872
541
522
587
385
705
971
906
513
585
629
359
872
363
462
849
606
392
474
895
983
480
720
440
821
713
889
701
903
589
908
591
771
654
652
583
639
596
426
464
736
469
678
760
572
799
816
839
615
432
734
755
498
695
355
373
563
769
778
894
952
