1000
199
451
305
333
126
500
36
315
85
253
76
436
282
338
182
194
135
269
246
180
427
152
371
301
182
127
203
204
192
361
348
27
268
18
230
409
342
435
282
115
368
327
386
478
459
75
224
427
137
133
141
288
79
478
195
320
299
111
62
195
57
372
160
348
429
283
387
499
203
122
311
223
62
436
252
330
41
286
273
82
52
245
120
51
364
80
82
79
147
84
153
334
179
289
65
277
288
183
146
193
155
78
411
36
17
456
428
303
101
375
313
96
431
461
302
133
174
495
84
142
473
367
65
110
386
335
59
251
29
461
12
268
296
199
203
129
286
23
263
21
197
358
49
39
198
384
453
306
237
19
128
410
267
499
219
3
330
415
49
132
392
217
470
331
202
65
329
33
187
193
468
121
490
231
278
54
97
321
248
43
85
192
289
17
124
110
243
90
484
150
19
193
151
78
279
86
413
34
316
446
152
211
477
126
111
498
26
491
214
56
467
237
173
442
319
171
110
102
233
94
329
370
82
1
454
183
122
264
297
30
36
266
415
70
473
264
18
122
46
266
225
6
203
296
499
415
274
395
83
417
131
368
294
274
422
290
325
85
434
37
324
235
378
168
449
210
146
127
176
23
135
205
314
234
354
352
393
495
111
41
483
249
338
340
8
239
210
279
294
371
104
467
55
99
51
172
174
74
425
379
420
9
268
87
484
408
45
350
278
484
41
315
456
375
260
342
291
366
49
433
477
37
412
13
231
228
316
51
386
326
365
66
232
403
357
39
292
173
55
25
83
38
436
93
364
300
4
454
201
301
71
322
154
235
287
302
453
195
43
201
408
397
118
419
371
5
297
34
482
151
160
76
126
182
471
282
227
177
123
44
449
408
26
86
299
348
29
25
199
255
209
262
411
285
157
333
405
75
243
304
274
427
151
431
108
37
470
111
317
462
189
497
57
338
3
1
487
299
450
147
194
214
485
76
183
147
157
375
368
273
440
165
276
62
57
347
135
388
352
268
385
14
174
244
493
432
486
154
116
407
103
426
342
331
413
201
441
300
308
170
247
390
339
455
456
224
310
431
256
314
382
168
189
271
4
331
202
73
13
478
65
137
371
338
453
202
70
212
277
46
446
342
51
141
306
23
301
285
77
266
7
434
422
116
410
491
237
75
12
483
225
118
87
349
202
147
338
347
346
94
444
470
65
247
486
350
317
364
477
406
319
129
276
18
365
47
14
80
217
143
20
244
120
360
32
458
400
279
376
305
464
97
85
16
219
224
339
444
428
214
458
309
96
57
285
83
393
274
115
288
414
359
53
126
243
329
113
384
460
125
405
90
35
418
432
175
480
335
190
456
293
345
335
297
189
301
109
237
246
126
390
48
17
68
130
491
352
296
213
79
250
446
14
333
288
106
301
12
76
392
201
94
107
186
417
258
4
89
207
408
408
19
106
55
23
395
99
438
210
4
283
369
123
378
393
276
222
413
91
338
133
73
434
110
318
183
471
238
265
263
307
259
402
137
372
306
373
307
481
213
312
498
63
225
55
220
217
167
423
121
360
425
160
26
296
166
108
100
53
342
121
152
202
211
178
216
63
186
228
494
161
270
414
371
194
17
428
435
268
156
114
267
88
411
433
187
290
466
279
370
72
412
39
9
321
302
411
301
100
333
57
364
419
264
325
484
197
272
458
459
131
281
384
241
356
347
399
203
305
320
79
204
34
45
22
494
170
86
187
434
156
262
152
147
301
42
74
175
459
57
247
140
315
64
46
229
241
348
354
196
190
341
211
311
463
19
479
21
370
35
455
288
420
454
145
31
492
397
79
385
143
10
135
76
485
118
25
45
284
364
228
17
65
224
382
46
498
474
406
91
347
425
4
2
424
429
232
231
385
403
421
105
287
186
322
39
169
355
254
350
225
6
171
339
49
283
40
419
109
392
376
130
217
430
206
47
93
351
345
219
419
311
133
380
228
134
361
291
464
462
427
336
442
29
380
142
323
220
44
61
215
118
68
10
242
288
26
345
295
380
153
355
186
68
179
41
322
493
74
356
10
146
2
126
78
166
159
330
330
490
67
289
18
424
448
143
488
362
395
235
133
368
88
322
248
221
458
401
152
162
210
110
167
101
491
50
399
150
428
19
321
308
258
399
426
490
72
59
468
479
241
326
34
329
32
317
397
394
108
214
213
72
75
86
59
4
375
443
16
260
373
456
208
25
427
353
162
260
241
328
22
312
227
117
296
447
73
101
114
364
2
219
306
343
211
188
205
459
295
1